SNP	chr_name	Pos	Locus	Alleles	MAF	Score	BAF	Beta	Upper	Lower
rs12913832	15	26039213	OCA2/HERC2	G/A	0.23	87.07	85.76	0.974	0.94	1.01
rs1667394	15	26203777	OCA2/HERC2	T/C	0.16	48.55	45.83	0.854	0.82	0.89
rs8039195	15	26189679	OCA2/HERC2	T/C	0.14	40.89	38.4	0.834	0.8	0.87
rs4778241	15	26012308	OCA2/HERC2	C/A	0.17	29.87	27.09	0.638	0.6	0.67
rs12203592	6	341321	IRF4	C/T	0.18	27.64	27.17	0.589	0.5	0.68
rs7183877	15	26039328	OCA2/HERC2	C/A	0.08	21.15	18.47	0.759	0.73	0.79
rs16891982	5	33987450	SLC45A2	G/C	0.03	19.41	16.76	1.104	1.07	1.13
rs16950987	15	26199823	OCA2/HERC2	G/A	0.05	15.41	12.81	0.764	0.73	0.8
rs7495174	15	26017833	OCA2/HERC2	A/G	0.06	15.2	12.56	0.711	0.55	0.87
rs8028689	15	26162483	OCA2/HERC2	T/C	0.05	14.87	12.28	0.753	0.72	0.78
rs35391	5	33991430	SLC45A2	C/T	0.02	14.62	11.84	1.128	0.86	1.4
rs11636232	15	26060221	OCA2/HERC2	C/T	0.4	14.53	12.04	-0.34	-0.4	-0.28
rs4778138	15	26009415	OCA2/HERC2	A/G	0.12	14.4	11.83	0.51	0.4	0.62
rs16950979	15	26194101	OCA2/HERC2	A/G	0.05	14.25	11.69	0.743	0.57	0.92
rs2240204	15	26167627	OCA2/HERC2	G/A	0.05	14.25	11.69	0.743	0.71	0.77
rs35390	5	33991083	SLC45A2	A/C	0.02	13.78	11.05	1.104	0.83	1.38
rs12896399	14	91843416	SLC24A4	G/T	0.44	12.34	9.83	-0.308	-0.36	-0.26
rs4904866	14	91838256	SLC24A4	C/T	0.44	12.15	9.65	-0.306	-0.36	-0.25
rs35408	5	34000695	SLC45A2	T/C	0.02	11.19	8.63	0.964	0.93	0.99
rs35412	5	34002902	SLC45A2	G/C	0.02	11.19	8.63	0.964	0.93	0.99
rs7174027	15	26002360	OCA2/HERC2	G/A	0.09	10.07	7.72	0.474	0.44	0.51
rs35394	5	33984076	SLC45A2	T/C	0.02	9.85	7.32	1.027	1	1.06
rs35398	5	33987583	SLC45A2	G/T	0.02	9.85	7.32	1.027	0.72	1.33
rs40132	5	33986460	SLC45A2	A/G	0.02	9.65	7.13	1.02	0.71	1.33
rs12931267	16	88346233	MC1R	C/G	0.08	9.48	7.33	-0.556	-0.72	-0.39
rs4778211	15	25872900	OCA2/HERC2	C/A	0.16	8.14	5.95	0.342	0.31	0.38
rs12210050	6	420489	IRF4	C/T	0.18	8.14	5.95	0.309	0.22	0.39
rs4904868	14	91850754	SLC24A4	C/T	0.45	7.89	5.68	0.245	0.19	0.3
rs26722	5	33999627	SLC45A2	C/T	0.02	7.75	5.41	0.873	0.58	1.17
rs17128162	14	91850110	SLC24A4	G/A	0.11	7.51	5.44	-0.378	-0.41	-0.35
rs4904864	14	91834272	SLC24A4	G/A	0.35	7.48	5.32	0.25	0.21	0.29
rs6918152	6	487159	LOC730077	G/A	0.38	7.07	4.91	-0.24	-0.28	-0.2
rs9392056	6	463078	EXOC2	A/G	0.38	7.03	4.87	-0.238	-0.3	-0.18
