SNP	chr_name	Pos	Locus	Alleles	MAF	Score	BAF	Beta	Upper	Lower
rs12931267	16	88346233	MC1R	C/G	0.08	86.28	89.8	0.556	0.51	0.61
rs258322	16	88283404	MC1R	G/A	0.1	56.77	57.53	0.41	0.4	0.42
rs4785763	16	88594437	MC1R	C/A	0.33	49.68	48.61	0.252	0.24	0.27
rs4238833	16	88578190	MC1R	T/G	0.37	42.77	41.02	0.228	0.21	0.24
rs8049897	16	88551703	MC1R	G/A	0.15	42.38	40.65	0.309	0.3	0.32
rs1805008	16	88513645	MC1R	C/T	0.07	37.48	36.19	0.387	0.33	0.44
rs164741	16	88219799	MC1R	G/A	0.3	34.29	32.12	0.211	0.2	0.23
rs4408545	16	88571529	MC1R	C/T	0.5	24.23	22.14	-0.164	-0.18	-0.15
rs7204478	16	88322986	MC1R	C/T	0.45	21.9	20.79	0.157	0.14	0.18
rs7188458	16	88253985	MC1R	G/A	0.44	20.14	17.91	0.151	0.13	0.17
rs11861084	16	88403211	MC1R	C/A	0.41	19.09	16.35	-0.147	-0.16	-0.13
rs1800286	16	88397262	MC1R	C/T	0.41	18.63	15.96	-0.145	-0.17	-0.12
rs1800359	16	88332762	MC1R	G/A	0.41	17.9	15.21	-0.142	-0.16	-0.13
rs1805009	16	88514047	MC1R	G/C	0.02	17.43	14.48	0.508	0.5	0.52
rs352935	16	88176081	MC1R	T/C	0.48	17.37	15.66	0.139	0.12	0.16
rs8060934	16	88447526	MC1R	T/C	0.48	16.24	14.43	-0.135	-0.15	-0.12
rs2241039	16	88615938	MC1R	G/A	0.38	15.39	12.92	-0.137	-0.15	-0.12
rs291671	20	31414506	ASIP	A/G	0.1	14.7	12.45	0.215	0.17	0.26
rs12599531	16	88436902	MC1R	C/T	0.37	14.15	11.76	-0.129	-0.15	-0.11
rs2353033	16	87913062	MC1R	T/C	0.43	13.93	11.55	0.123	0.11	0.14
rs2159116	16	88359011	MC1R	C/A	0.17	12.58	10.37	0.157	0.14	0.17
rs8058895	16	88342308	MC1R	T/C	0.17	12.56	10.38	0.157	0.14	0.17
rs17305657	20	31270249	ASIP	T/C	0.09	12.31	9.89	0.197	0.19	0.21
rs460879	16	88240390	MC1R	C/T	0.46	11.77	9.38	-0.113	-0.13	-0.09
rs7196459	16	88668978	MC1R	G/T	0.08	11.31	8.94	0.208	0.15	0.26
rs7195066	16	88363824	MC1R	C/T	0.32	11.1	8.69	-0.118	-0.14	-0.09
rs459920	16	88258328	MC1R	T/C	0.45	10.77	8.35	-0.108	-0.12	-0.09
rs464349	16	88183752	MC1R	C/T	0.48	10.75	8.32	-0.106	-0.12	-0.09
rs619865	20	33331111	ASIP	G/A	0.1	9.89	7.59	0.165	0.15	0.18
rs9936896	16	88596560	MC1R	T/C	0.2	9.87	7.59	0.129	0.12	0.14
rs447735	16	88261850	MC1R	T/C	0.44	9.85	7.49	-0.103	-0.12	-0.09
rs2306633	16	87882779	MC1R	G/A	0.26	9.1	6.84	-0.112	-0.13	-0.1
rs17396317	20	31254038	ASIP	G/A	0.12	9	6.9	0.145	0.13	0.16
rs6500437	16	88317399	MC1R	T/C	0.3	8.58	6.71	0.105	0.09	0.12
rs11648785	16	88612062	MC1R	C/T	0.31	8.47	6.21	-0.103	-0.13	-0.08
rs4347628	16	88098136	MC1R	C/T	0.44	8.42	6.28	-0.095	-0.11	-0.07
rs2016571	16	88371777	MC1R	G/C	0.31	8.2	6.15	0.102	0.09	0.12
rs463701	16	88126261	MC1R	A/G	0.45	8.07	6.02	-0.092	-0.11	-0.07
rs1061646	16	88333478	MC1R	G/A	0.31	8.04	6.13	0.1	0.09	0.11
rs3785275	16	88369530	MC1R	C/G	0.31	7.87	5.88	0.099	0.07	0.12
rs382745	16	88131087	MC1R	A/G	0.44	7.86	5.82	-0.091	-0.11	-0.07
rs16966142	16	88378534	MC1R	C/T	0.09	7.85	5.71	-0.168	-0.22	-0.11
rs2378249	20	32681751	ASIP	A/G	0.16	7.77	5.62	0.121	0.09	0.16
rs2378199	20	32650141	ASIP	C/T	0.16	7.71	5.56	0.121	0.09	0.16
rs4812405	20	34709999	ASIP	C/A	0.07	7.42	5.47	0.17	0.16	0.18
rs7189734	16	88328051	MC1R	G/A	0.25	7.39	5.36	0.101	0.09	0.12
rs1800345	16	88342718	MC1R	C/T	0.31	7.34	5.3	0.096	0.07	0.12
rs4911442	20	32818707	ASIP	A/G	0.12	7.23	5.27	0.131	0.09	0.17
rs7361656	20	33192808	ASIP	T/G	0.24	7.11	5.52	0.099	0.09	0.11
rs6500452	16	88386006	MC1R	T/C	0.31	7.02	4.96	0.094	0.08	0.11
