	CHROM	POS	REF	ALT	AF	EAS_AF	AMR_AF	AFR_AF	EUR_AF	SAS_AF
rs4266886	1	207685786	T	C	0.857428	0.6696	0.9092	0.9629	0.8101	0.9202
rs61822977	1	207796065	G	A	0.409145	0.3681	0.6052	0.1445	0.6332	0.4397
rs7920721	10	11720308	A	G	0.269768	0.2232	0.4078	0.112	0.3678	0.3323
rs3740688	11	47380340	G	T	0.639177	0.6865	0.4827	0.7632	0.5427	0.6329
rs7116190	11	59964992	G	A	0.287939	0.2242	0.2579	0.0968	0.4066	0.5112
rs526904	11	85811364	T	C	0.673722	0.5952	0.6095	0.8654	0.6402	0.5757
rs543293	11	85820077	A	G	0.707668	0.6012	0.6383	0.9062	0.67	0.637
rs11218343	11	121435587	T	C	0.109026	0.2877	0.0576	0.0719	0.0427	0.0798
rs6572869	14	53353454	A	G	0.724641	0.7262	0.8228	0.4418	0.9026	0.8528
rs12590273	14	92934120	T	C	0.0916534	0.0694	0.1383	0.0189	0.1441	0.1258
rs7145100	14	107160690	G	C	0.145966	0.1577	0.134	0.1929	0.1362	0.089
rs74615166	15	64725490	T	C	0.00738818	0	0.0058	8.00E-04	0.0159	0.0164
rs2526378	17	56404349	A	G	0.527756	0.5397	0.4049	0.6392	0.4712	0.5102
rs117481827	19	1021627	T	C	0.0469249	0.004	0.0922	0.0053	0.1322	0.0276
rs7408475	19	1050130	G	C	0.739217	0.5496	0.8646	0.7602	0.8042	0.7505
rs3752246	19	1056492	G	C	0.825479	0.6478	0.8674	0.9894	0.8101	0.773
rs429358	19	45411941	T	C	0.150559	0.0863	0.1037	0.2678	0.1551	0.0869
rs7412	19	45412079	C	T	0.0750799	0.1002	0.0476	0.1029	0.0626	0.044
rs6733839	2	127892810	C	T	0.394968	0.372	0.4625	0.4024	0.3797	0.3763
rs10202748	2	234003117	A	C	0.270367	0.1885	0.3429	0.143	0.4652	0.2751
rs7274581	20	55018260	T	C	0.0940495	0	0.0922	0.2375	0.0795	0.0133
rs115124923	6	32510482	C	A	0.155351	0.0972	0.2406	0.0809	0.1998	0.2096
rs115675626	6	32669833	G	A	0.110423	0.0565	0.1153	0.1551	0.1312	0.0808
rs1109581	6	47678182	C	T	0.245208	0.1567	0.2061	0.3472	0.2048	0.2679
rs17265593	7	37619922	T	C	0.727436	0.744	0.7594	0.7148	0.672	0.7618
rs2597283	7	37690507	C	A	0.66853	0.6329	0.5922	0.7156	0.66	0.7045
rs1476679	7	100004446	C	T	0.788538	0.6508	0.7738	0.9849	0.7008	0.7658
rs78571833	7	143122924	A	C	0.0249601	0	0.049	0.0045	0.0765	0.0082
rs12679874	8	27230819	A	G	0.455471	0.2996	0.2867	0.7095	0.337	0.5143
rs2741342	8	27330096	C	T	0.294129	0.4147	0.2493	0.354	0.2316	0.1851
rs7831810	8	27430506	A	G	0.598842	0.6151	0.4006	0.8116	0.4473	0.591
rs1532277	8	27466181	T	C	0.763978	0.7897	0.6787	0.9387	0.6123	0.7178
rs9331888	8	27468862	C	G	0.333466	0.501	0.4164	0.1346	0.3002	0.4049
